state,p_marked,error,gate_count,depth
111,0.0619,0.9381,51,29
