state,p_marked,error,gate_count,depth
111,0.1432,0.8568,58,29
