state,p_marked,error,gate_count,depth
111,0.206,0.794,25,12
