state,p_marked,error,gate_count,depth
111,0.511,0.489,26,14
