state,p_marked,error,gate_count,depth
111,0.1221,0.8779,43,23
