state,p_marked,error,gate_count,depth
111,0.0593,0.9407,26,13
