state,p_marked,error,gate_count,depth
001,0.1624,0.8376,54,27
