state,p_marked,error,gate_count,depth
000,0.4303,0.5697,53,26
