state,p_marked,error,gate_count,depth
000,0.0359,0.9641,49,23
