state,p_marked,error,gate_count,depth
000,0.0636,0.9364,43,23
