state,p_marked,error,gate_count,depth
000,0.0908,0.9092,49,23
