state,p_marked,error,gate_count,depth
000,0.0162,0.9838,51,29
