state,p_marked,error,gate_count,depth
000,0.6274,0.37260000000000004,44,25
