state,p_marked,error,gate_count,depth
000,0.1156,0.8844,54,33
