state,p_marked,error,gate_count,depth
000,0.2539,0.7461,44,23
