state,p_marked,error,gate_count,depth
111,0.1241,0.8759,15,11
