state,p_marked,error,gate_count,depth
111,0.126,0.874,25,12
