state,p_marked,error,gate_count,depth
111,0.0731,0.9269000000000001,25,10
