state,p_marked,error,gate_count,depth
111,0.0143,0.9857,29,16
