state,p_marked,error,gate_count,depth
001,0.0031,0.9969,65,32
