state,p_marked,error,gate_count,depth
000,0.1233,0.8767,50,25
